369
-740
210
-154
-48
654
-401
510
-507
828
-195
28
592
719
786
-793
911
177
-445
-322
-121
-789
194
-688
933
-746
750
-13
820
-362
789
-743
596
-989
-777
12
-114
-220
973
-290
-445
-322
655
697
-879
-3
-283
-586
844
278
698
-517
918
-780
-670
-122
-876
-925
-101
-476
-769
88
492
-585
958
-338
397
-61
59
-139
-763
-60
510
233
-58
262
-839
974
-372
981
-367
-935
763
487
915
-600
577
98
-253
734
61
-294
481
-252
496
-87
662
-587
524
148
826
-228
728
919
-449
-629
-177
-831
539
112
805
-292
-636
-193
176
322
-238
-466
-582
-746
-265
943
-546
691
968
507
-530
-286
78
-124
-254
387
164
772
267
-608
225
501
828
-223
842
-281
894
348
-421
343
327
60
771
-681
-748
418
-547
208
664
963
709
113
-310
781
951
-925
-100
-905
292
-362
-275
-98
985
-941
-498
-631
-418
47
292
494
742
965
-463
-176
-488
912
529
-955
40
804
881
497
-296
-390
410
-69
-463
-165
681
-683
-9
228
-974
61
-891
-641
-574
-77
893
-186
633
-938
260
978
120
389
214
532
438
-248
-873
-841
362
469
-45
507
802
287
406
-389
322
-87
-597
-81
766
842
572
977
470
-89
-906
-47
-771
-726
513
297
-752
-101
-78
-331
132
242
-938
107
-188
-577
242
393
-943
347
-714
559
757
-859
-514
-752
-164
-47
-630
-76
579
897
865
-991
-549
-848
578
256
712
377
909
462
131
901
-569
-735
995
384
-810
-146
-253
-879
-144
-646
425
-729
-589
689
-797
-94
336
43
-548
-536
134
445
-445
714
378
-813
-165
426
789
-12
881
986
407
-862
6
-92
-935
948
717
394
-672
962
-92
-786
295
476
151
245
-717
-973
82
883
-305
323
-20
-449
-263
779
-706
404
-285
-509
-977
167
-952
-382
-927
797
239
252
591
594
855
865
101
308
72
-540
906
320
975
-201
-282
-229
287
-798
227
753
-123
-705
322
145
-403
-609
-568
-264
525
598
312
93
52
348
-939
-308
-287
-609
665
458
-958
143
-52
29
-709
-958
244
-279
-213
76
-630
-281
222
-735
689
-3
-793
233
-584
-209
798
-743
13
274
-499
-856
-287
-445
979
-867
520
-264
-27
-48
-85
-938
-178
548
450
-986
-261
498
-608
35
600
931
933
-764
-981
-265
-624
800
-492
-237
980
-617
-794
459
755
387
-156
-608
643
625
472
-652
-86
-508
543
-959
-923
-294
-883
-280
-299
-929
788
680
60
999
261
-540
-363
824
398
13
34
-662
-336
391
-105
-168
788
803
-334
566
-331
110
586
-265
90
789
-233
640
-422
670
-879
405
270
72
-623
-361
305
-475
-753
417
-388
70
684
237
396
708
991
-787
50
-901
-568
-784
-762
154
-960
107
365
-192
735
-517
-737
-144
236
-274
554
-515
-66
361
969
-239
331
-878
-259
-99
417
835
134
930
444
-552
181
585
-717
-976
-713
-372
-577
498
155
840
-635
575
-939
-741
-660
-691
176
994
-34
899
-35
250
721
-896
-804
373
-487
405
722
-349
458
-937
-581
137
681
-475
-397
-341
420
-610
232
-50
142
-491
-790
-996
-406
-267
-323
887
-600
873
-278
-599
-850
-412
-781
549
-445
342
934
450
853
-725
-241
403
128
425
-233
26
-867
489
-489
323
-374
-714
-686
847
76
290
-341
629
-544
-269
732
538
-493
495
57
-47
-57
-131
-707
-757
-159
120
603
487
-483
-545
-108
856
168
13
-199
253
149
-480
-195
924
89
-675
584
-260
-87
141
-333
924
955
724
305
-904
-115
510
153
-272
227
724
14
-498
997
-172
-907
-145
884
169
325
-804
20
443
862
283
-686
175
444
93
-261
290
270
-725
-548
782
-680
-235
403
595
842
-592
533
200
-102
-87
511
-933
-393
-684
287
-618
212
947
307
162
-232
832
-872
-45
676
976
-778
669
-311
-812
376
-835
-431
-59
-433
-30
324
-714
-81
-274
-377
-467
863
198
-692
-144
917
417
-3
-295
989
-703
372
-910
431
-52
601
-483
75
302
-774
-430
-450
524
-278
-309
528
-142
116
-330
-769
595
-549
-174
-62
-969
-982
596
92
320
485
-65
524
-653
243
-513
888
-806
-121
651
26
-915
503
-84
-871
-48
62
400
108
-948
-711
-887
-955
748
735
230
798
-124
147
-316
197
-352
-699
-47
304
382
951
-183
555
-975
139
-216
801
49
-140
-704
992
187
786
-684
-637
-652
198
-535
-600
-227
283
-729
941
-764
869
-269
-717
751
711
-371
-650
-712
369
68
671
-928
895
817
-104
331
127
-859
814
-315
-579
-505
548
244
-511
340
678
493
-386
339
-518
-461
102
-494
-310
64
-313
31
-686
756
-418
-1
495
324
-351
812
915
-63
-850
-245
470
-803
118
188
206
379
-849
-411
190
647
-809
766
-669
877
330
-289
64
186
-233
-297
73
-948
470
65
662
93
405
-307
-746
-178
-569
707
-723
897
-916
-202
568
719
-119
-410
415
403
738
821
-2
-981
893
-787
385
550
-765
481
204
486
-460
-976
-802
-262
-754
-277
-589
-684
-16
-896
-112
79
630
854
820
32
-34
-623
557
-360
521
306
-174
493
-616
106
887
-816
-48
910
-641
916
614
228
-16
-382
362
625
820
-326
-536
450
-542
552
-359
380
985
146
276
-42
-776
-168
890
378
-243
-999
-542
-870
-470
176
275
89
-938
449
-640
107
-884
-720
938
-298
-968
347
670
829
-625
-859
263
925
109
789
-95
642
-330
-893
-654
-5
-765
454
-329
-390
-605
-946
-875
-802
-270
-698
-577
-936
-202
505
596
845
508
931
-601
-46
-395
-168
-158
714
66
-266
-249
672
829
-120
-199
218
-441
188
-625
-475
915
-879
124
966
593
471
325
-837
-143
-587
153
-148
-488
540
-241
817
-690
-658
550
576
-845
-956
-908
853
-302
750
-939
842
-297
-148
335
509
345
-26
-161
-194
72
-61
-106
-169
204
677
-665
127
-822
-485
635
-464
-747
550
280
-815
-590
429
-228
455
817
-286
-150
705
819
-849
309
-301
-352
414
-204
-380
488
-264
518
-953
256
121
414
-178
-834
111
885
949
554
-390
679
486
-204
554
410
116
-792
554
-783
-714
174
-280
265
65
101
305
514
-824
-727
-396
-729
-766
509
892
-261
822
-344
-494
-929
864
-712
-386
-825
-421
-838
288
-703
-510
272
-182
-203
-410
-834
-980
-193
-301
-989
295
-814
853
-160
119
-758
915
-883
32
709
-749
-991
154
826
-730
998
697
933
189
-146
449
306
847
376
108
950
270
402
-669
138
29
-679
579
95
966
580
879
-840
-426
-917
-329
-931
331
-372
-748
86
-305
-890
456
7
418
-604
57
537
-674
103
680
130
-836
-973
629
-591
338
-516
574
-967
-648
360
377
-325
-114
-147
377
650
-333
-230
637
-478
-492
723
-520
-917
-657
-869
340
-166
670
-864
-637
-215
-310
667
-422
-823
-757
485
665
200
554
-358
160
253
-117
270
999
-715
827
-66
463
-480
835
-575
149
-876
-469
35
35
-128
298
21
358
961
-430
155
-604
601
-231
-748
-454
-133
-19
566
101
-527
-353
-458
940
252
18
543
668
938
229
-709
-683
658
-430
-763
120
313
-351
-157
953
-14
-835
-256
414
-398
363
35
804
-901
223
510
-322
-847
-842
217
-989
-356
581
-155
515
-476
483
-591
-906
-620
-634
483
781
5
-711
330
487
-543
865
-173
-647
-146
-3
-743
-953
291
-405
305
347
153
-383
205
323
-862
-257
324
-546
928
-416
39
661
499
167
-590
10
786
940
-479
775
-841
857
605
33
703
312
17
-558
-96
313
579
517
-558
-257
253
-872
-128
285
-158
411
-841
667
456
223
-273
389
-665
464
472
-300
-74
-707
-726
236
677
453
372
-976
-497
-88
906
883
71
-970
-495
-254
-246
-956
-752
-915
44
539
-387
-219
360
905
-933
123
-891
136
345
-221
-158
392
-584
764
949
-844
510
94
547
188
24
-692
123
384
852
678
224
963
-251
-77
693
792
-99
-522
149
758
-249
-568
983
-263
-415
91
225
921
-752
479
435
-615
932
914
373
210
642
-862
522
723
-507
-103
-463
372
-120
144
-336
114
-196
-126
-383
-578
486
826
-163
896
-153
-53
550
411
467
164
178
-882
513
-953
456
151
325
-27
-942
255
-358
-127
550
401
-827
-201
577
-181
-776
835
-332
727
-260
-63
959
-378
521
962
597
828
-22
-72
-803
-504
949
-921
-884
706
-710
683
757
-826
807
248
552
186
-684
-314
-610
745
139
193
363
-200
51
-389
335
408
186
987
-809
404
-690
406
-120
-604
-259
403
587
-332
-748
-675
913
814
-673
-40
805
-148
-794
487
-782
-864
-621
-485
297
-266
-277
-364
531
67
-60
-616
257
-571
-184
932
785
693
502
-730
-618
827
-657
-256
824
-368
5
-296
-84
-859
-9
581
295
173
-307
-364
543
730
-86
679
98
231
-947
-444
312
964
-431
-604
-458
-538
498
287
38
-819
321
-255
-867
-814
-11
57
312
-644
-190
440
826
-220
90
-869
729
-597
-786
-88
-636
561
629
-430
-143
900
279
478
-867
157
-581
101
111
-589
-128
-666
-16
466
692
-279
974
482
428
-195
365
-530
877
10
379
-199
-529
741
744
241
-494
-144
645
392
717
81
974
-646
81
893
-775
-665
-61
884
-857
-507
-341
-685
561
729
665
273
127
299
-502
782
485
-181
251
701
-321
-432
929
668
820
-831
-569
582
140
868
341
-536
-787
-63
685
361
-40
-83
827
-161
853
534
855
-97
-590
-600
-357
40
149
-55
-464
468
-630
939
550
-113
-862
-942
-645
-144
416
-697
-500
821
216
942
-19
786
-573
-986
-745
-246
204
-664
-252
-477
-847
-833
936
-152
-775
861
-705
-194
-448
466
-526
-29
-882
-843
-954
272
744
-739
941
629
-582
-879
568
-92
-782
-228
373
-518
479
707
367
-608
308
210
-996
596
-164
-827
-702
-783
629
-628
22
406
-22
269
817
352
1
-42
-214
338
217
-960
989
110
-153
888
-692
189
-566
505
592
-755
-647
451
854
-519
-684
-994
349
-276
-106
25
71
751
279
-70
859
-702
10
83
-983
-444
188
-656
445
-995
-781
454
720
105
-760
-113
849
-774
-349
860
-924
636
741
-172
512
-749
737
752
415
675
639
720
-16
-809
-840
-460
434
-862
-310
-992
690
-752
-163
-392
551
407
938
-694
608
929
879
876
-760
-902
-799
97
396
406
321
137
131
840
184
743
140
276
657
695
-911
-663
-882
-124
-797
-897
857
707
146
-87
750
290
266
-505
-317
761
-183
508
373
22
530
-760
982
814
281
-823
-920
676
-171
32
-934
-741
810
-882
-599
-681
314
326
-489
102
-994
707
642
-8
-156
339
-476
-393
23
906
970
422
167
-751
182
441
-239
683
819
-275
484
-656
507
469
660
755
-449
139
-879
995
588
-174
765
-695
-980
-70
12
362
836
780
295
798
353
494
42
344
-598
568
-197
-923
-482
-445
912
-531
-586
623
291
-385
576
635
-603
-704
628
264
-466
-610
-660
-71
-101
-906
-983
969
-6
623
705
474
654
983
687
-936
-62
-369
729
657
-315
568
-808
-799
80
-510
23
-154
-924
-452
-519
172
782
331
582
-781
756
257
-347
-384
-607
-535
-433
-863
970
593
943
229
-277
609
321
681
-51
757
-969
-631
561
308
369
-454
-86
916
-471
-505
133
389
-68
41
674
-826
-242
-491
-938
631
-186
543
-857
-176
626
118
-740
-124
312
-501
63
-769
52
196
-453
547
-490
608
357
-825
-837
838
278
991
-700
676
561
189
980
-38
699
-805
-382
-250
-611
615
-687
144
662
-180
-611
980
-741
676
-480
-822
-238
-231
-637
917
466
955
336
-714
409
715
739
-331
690
-460
963
-179
132
-399
342
-624
42
-328
469
-775
-995
-33
91
-770
-202
-751
994
360
-532
-893
-111
-788
-875
885
473
341
-563
24
-567
-622
-114
-295
-206
682
-903
308
-313
-260
-437
12
-144
983
915
89
-443
-389
147
-546
197
187
67
909
-299
-195
-422
542
-984
487
535
-103
-346
-80
983
-291
-231
269
-321
434
-239
579
-330
-819
-718
418
-337
612
-968
-467
-683
25
-177
-830
929
176
327
775
-574
704
-254
-471
256
653
-334
-172
-339
597
881
-229
-37
-937
264
578
-479
349
917
-385
569
554
181
345
105
282
-13
502
-606
-589
705
-575
-750
995
-759
153
-167
162
-781
-466
539
-625
368
-853
434
197
-471
45
-282
-451
817
239
-38
549
-104
-460
-158
-125
-596
-162
667
-191
-210
9
929
-110
157
-467
221
-85
-23
-544
278
624
984
460
663
386
-203
680
-959
-725
-330
-37
889
-956
-260
985
-909
894
719
611
-26
472
-238
-990
861
29
54
902
138
-111
995
459
-469
-492
-634
37
-721
-765
7
-212
162
497
-93
-853
554
277
-694
693
-24
-511
215
221
-18
399
-598
-564
-876
791
429
-770
947
-142
-854
397
77
-768
597
456
121
-31
-171
110
-240
-859
274
-149
40
443
765
-218
-204
-739
-245
160
908
991
394
510
295
-744
-662
-331
-403
884
-461
981
572
-382
883
-687
-100
341
-758
-34
-714
377
29
-109
-861
631
586
-973
872
-886
98
-191
-587
993
-974
-597
143
-609
330
330
640
124
785
-905
484
-514
353
225
421
-403
-291
669
-181
991
31
-420
32
938
926
377
525
-487
-394
416
-885
210
445
774
33
965
962
581
620
-510
961
-882
-28
-366
-806
917
896
724
226
-64
795
333
-973
-108
807
401
973
843
237
-454
311
-17
587
339
501
197
903
740
482
-272
211
76
810
-562
-356
-897
-635
-195
-667
-766
-374
773
542
-542
237
523
105
471
-302
-324
-368
-347
374
-391
-542
705
776
-850
-666
-720
-181
194
164
-785
466
246
-247
36
850
-898
-340
-297
558
3
-305
278
393
-812
-452
-405
809
-944
454
22
816
-993
-300
-892
162
281
-714
-334
-907
430
455
-577
846
-313
-436
-409
-792
-90
-681
-580
-437
-228
-186
839
252
106
-503
-104
8
-342
-527
695
-799
997
702
-519
37
277
-528
-609
-497
229
106
-377
102
336
-83
334
864
36
-109
306
-95
-613
-634
-919
-755
388
678
-818
188
511
-395
333
404
-873
-839
275
-923
-724
-459
487
-439
657
846
344
-577
333
-367
-938
429
827
-129
751
855
-563
-603
-775
-916
-618
-744
-86
-427
495
-827
71
-858
635
424
172
-983
696
19
635
450
-182
267
-371
-816
-555
843
-294
-708
-791
-549
-668
-269
489
-498
-206
-695
96
-550
778
965
-802
-771
685
-13
148
998
660
-896
-59
-789
785
428
-620
933
387
-532
293
-802
553
998
-608
702
-544
985
-158
925
-395
-516
576
-272
367
-522
-147
201
628
658
-363
193
-523
311
300
-9
645
970
-980
-41
472
960
-597
-450
691
306
719
806
206
709
-207
705
394
-882
-113
850
634
773
-332
-484
-52
744
528
-815
-880
938
-127
-46
-889
27
661
-164
-444
743
379
510
-398
440
113
294
369
258
140
-245
-618
534
-131
322
-662
-959
286
747
-284
-883
-595
-910
-8
-914
207
107
-455
-748
821
-346
814
734
-314
-612
602
-865
165
-610
-676
967
-415
31
-279
-728
863
395
169
-970
466
621
983
-51
-957
17
-835
-88
113
-576
-220
340
296
-610
-720
-649
-422
835
-343
-950
977
-941
-496
-930
20
-880
375
-230
19
-848
243
-559
937
-628
-195
601
214
704
29
610
955
-421
-930
530
651
-375
-472
-804
-73
-587
-492
-573
30
